0.7791524
1.661016
1.682125
3.509372
0.05452668
0.4136326
2.098267
1.794373
2.940577
1.335873
1.598341
0.09811006
2.150321
7.177286
0.1998171
0.09430462
0.9691859
3.877216
0.07976811
2.892498
0.9077181
3.037856
2.819914
0.2093558
0.8004821
0.7485996
1.607271
0.271304
0.4249049
4.382024
0.3579423
0.6922198
1.798239
0.5954121
1.053999
5.893717
6.203435
0.6295908
1.399553
2.952751
1.146154
4.555494
7.599301
0.6523047
0.2641766
7.579323
4.645452
1.624775
0.9050186
0.1688828
1.886111
0.486285
3.831358
0.939801
2.171348
0.7600236
1.261384
0.04158802
1.696814
2.331421
1.584638
4.944339
3.772649
0.08585652
0.08173882
3.206085
0.2636817
0.845794
3.987361
1.647609
2.162855
2.842221
3.534663
0.1949682
0.3986
1.502635
2.862156
0.8075446
0.621824
2.301253
0.7390923
3.920398
1.196334
6.3807
0.07990795
1.139617
0.0830032
0.07877622
0.9298853
0.2067143
1.205356
1.208570
2.453507
1.019315
1.645790
0.3422343
2.296510
0.06647509
0.7957225
1.423659
0.6126821
2.345229
0.4194158
0.7917882
2.143295
2.158539
3.86511
0.192867
4.592302
0.5941067
2.128878
0.3980468
1.095547
1.91276
2.486514
4.610161
0.1807708
0.02712426
2.238253
1.006978
1.369847
0.8687629
0.1089252
0.2507717
0.2114177
0.3222717
5.872043
0.2698124
2.372193
8.345855
2.954916
0.5486449
0.919721
0.1068093
0.4560769
1.353711
0.2858291
1.428974
4.560808
0.1870588
1.982513
2.393681
0.2062728
0.02423596
1.095600
0.03474059
0.09009049
1.279393
9.32244
0.529614
3.403437
0.8359758
3.342834
6.305556
1.495722
1.957554
5.710406
6.102398
0.06273884
1.736117
1.957731
4.080207
3.563659
0.4830452
0.04645255
0.7108243
0.1214889
2.67739
0.3158910
0.9199273
2.077301
0.03779281
2.344185
9.05636
1.40752
0.02228353
3.370169
0.2830053
0.7804785
8.729536
0.5714873
0.4860623
2.106538
1.380640
2.832202
1.785689
4.526244
4.467849
2.02207
0.8709937
1.918922
0.5212035
1.100662
0.5429241
2.659298
2.113277
0.1083228
0.1559875
5.318013
2.852162
4.310271
0.3186028
0.2742515
4.154004
0.1855129
0.5259714
2.715287
1.015024
0.9243214
2.624902
1.293340
1.310623
0.3090309
7.471725
2.900358
0.7423752
0.6056218
2.563464
0.6258134
0.556072
1.242014
1.750903
1.320989
0.1435179
1.157946
1.177390
3.037825
1.800927
3.033744
3.449156
0.1983372
5.657278
2.285580
0.3010974
2.530837
0.05057015
1.845473
2.252149
3.637845
3.799849
3.114397
5.796683
0.2914188
3.953379
2.015550
7.506623
0.7645437
0.3402205
0.06465176
2.817684
1.06625
1.190295
2.943635
4.655566
2.340181
2.317872
0.04795447
6.828704
0.09616338
2.281859
3.429004
15.16146
1.179326
2.377737
0.3433333
6.729432
0.4219316
1.522323
0.07643525
2.180941
1.566151
0.4146522
1.948512
0.595389
0.01154443
2.591866
0.8759186
1.086309
3.880097
0.485995
5.196895
6.510371
1.609262
0.216516
2.548010
0.2124280
1.407873
0.4836006
0.6240737
1.254803
4.650124
1.587304
0.1785862
3.563078
0.5831209
6.840123
0.6091372
0.8442329
1.256616
1.862987
1.797858
0.3311111
0.3646544
0.2034384
0.652459
1.910321
1.550843
0.6962511
5.712346
0.4452415
6.326645
1.346898
0.8113466
5.942516
2.722632
1.881832
3.338587
1.117992
5.005939
0.1702605
2.117038
0.3926123
3.428089
3.386578
0.6854627
1.485153
2.508113
0.2275814
1.952577
2.749022
4.311894
1.635303
2.625434
1.196060
0.4817717
0.02027628
1.251135
2.783397
3.063254
3.327252
1.344976
2.485660
2.150791
4.492678
1.642008
1.567396
0.7076451
0.83014
10.76402
2.315891
0.8279159
0.08136152
4.44642
6.52344
2.612879
2.457331
1.919034
3.218191
0.09395305
5.397053
1.944348
0.9879618
5.708416
8.794032
0.5942592
2.009787
2.386299
0.04559318
0.3213260
3.961157
0.4807467
0.5557929
1.800884
1.439443
0.2745252
1.173114
5.713351
0.1484481
3.888895
0.53276
4.039862
2.421119
0.6004714
1.267159
0.918903
2.241612
0.4278991
0.5660859
1.011919
0.821176
0.7210744
0.84687
3.474233
3.312693
1.218028
2.225008
1.897456
1.447809
1.748758
1.747754
2.668391
1.927196
0.5297327
0.01927853
4.93937
0.8488761
1.683499
1.279181
0.5173652
2.110482
0.5804783
0.3331104
2.319009
1.310483
0.2665072
4.877046
1.986572
2.524411
1.82039
1.612116
0.9725788
0.5674221
2.960241
1.447827
6.789477
1.561788
0.5850439
5.599089
3.226607
3.069107
0.088095
2.027310
1.555418
7.988957
1.700232
1.609197
2.132249
0.04454517
0.877485
2.755196
1.01449
0.08343759
1.469969
4.982687
0.5345977
0.8940052
1.845499
1.842301
4.15672
2.377445
2.712794
4.617753
0.5356635
0.3974155
0.6244011
3.499955
0.6972486
0.3543221
5.109592
0.9393515
3.385922
1.719608
8.42491
1.769570
4.712088
1.087415
0.6126255
0.1078935
3.800168
1.393621
0.7061126
2.410983
0.4254397
1.014386
3.434539
3.132006
0.1729606
2.246251
2.912273
6.42041
2.434925
2.715991
0.1248196
2.222535
0.5053754
0.7024667
0.6567197
3.433099
0.9360968
1.093999
2.200970
1.874234
0.09181617
2.894606
3.860615
1.071089
2.659954
0.783843
1.721611
1.576273
0.6899671
0.4909957
0.982185
3.799923
0.09985636
0.1957761
2.401907
1.101355
2.317131
3.853391
2.281722
0.4061136
6.080128
1.392971
1.182672
1.181277
0.1793197
1.498381
0.01499549
1.387712
0.09994112
0.740365
0.3958666
0.9453296
0.5843527
0.5625105
1.593844
2.082177
0.2348662
0.2383453
0.180783
0.8496365
1.191001
3.916033
0.6772377
0.1190501
0.7277992
0.7960606
0.2215777
0.8242772
2.316919
0.1821628
4.259426
0.2478951
1.701429
1.280804
1.746775
0.05685101
1.210221
2.551511
2.427241
3.757420
4.683668
2.991223
0.1554774
3.196306
2.347603
4.061084
0.4421922
1.872025
3.899853
0.3414038
0.6798292
0.01393330
3.504588
0.3755048
0.1531465
2.868055
3.034069
0.9705383
1.255286
0.07711714
0.1175807
0.4895578
1.011362
2.450921
0.595029
2.986250
10.95880
2.210601
2.673896
11.48404
0.07678704
1.483362
1.009418
6.261511
3.164942
1.327139
4.47648
3.413859
2.446018
0.2068929
0.1835472
1.604544
2.228051
0.2875355
2.213427
1.721858
0.8638356
1.336915
3.813067
6.336136
2.288148
0.3882556
0.9932298
2.865781
1.234164
2.186054
5.565839
1.522170
2.121347
0.2066221
3.667164
1.881792
0.2449462
0.1376101
4.090179
2.207602
4.865271
0.3078816
0.1917091
1.161189
1.124197
2.678028
0.9933877
6.410924
2.075341
4.007337
0.3534449
0.6973043
0.2373821
3.292865
2.17579
2.124457
3.293272
3.977465
10.83272
0.8914764
0.9381812
3.56917
1.367983
0.1326418
0.3394947
1.011717
2.021441
0.2793276
0.3329305
2.620320
0.5322061
6.3548
0.002256456
1.102983
1.254931
2.647212
2.898989
0.8784082
0.06847211
0.3546361
3.729208
0.9777005
1.828954
0.5606189
0.06615248
0.5798838
0.7070838
2.160187
2.221159
4.052309
0.7880778
3.084141
3.327741
3.052725
0.5610279
3.528898
0.3732966
1.076346
0.3024096
2.371881
2.842158
1.744734
1.494412
3.047746
0.1974864
5.182209
6.518907
2.357019
0.6004192
4.464561
0.5737835
0.2156749
1.674780
0.1881368
4.967333
1.114546
0.2680938
0.1008583
1.774079
2.31634
0.9633148
2.667058
0.2163877
3.426447
2.290755
4.369973
0.3358307
1.745550
3.546863
6.648674
0.1770399
0.1918829
2.056348
5.463862
1.361632
1.859685
1.315297
2.891389
1.155880
2.064033
4.84071
0.4465942
2.097629
5.305624
1.775128
4.874887
0.9007112
0.1052098
3.263407
0.4342103
3.320933
2.436505
1.826147
0.7873422
1.021589
2.392995
0.6625795
2.933608
1.512102
0.0526112
0.3931286
0.06205697
0.8651345
1.899642
1.401766
0.1735043
2.553990
0.753227
0.6618332
0.5751691
0.1177199
2.972005
12.74494
1.016199
1.047251
11.92878
1.783786
0.6157507
3.714982
2.704862
4.758951
2.194470
0.5126116
0.2272846
0.1899830
6.479883
0.6025589
2.452554
0.2284789
4.69508
3.141429
1.794888
0.08434903
7.554962
2.428768
9.627307
0.8660385
2.790703
2.300515
0.6127904
5.438263
0.9982956
2.063877
0.2933019
1.898174
0.4474893
4.426619
0.794095
2.340672
0.1457996
10.68594
2.62844
0.1990925
0.5563691
0.3557370
2.515013
4.237866
2.806335
4.008646
3.659018
1.156390
3.758632
1.039725
1.539912
0.3190786
1.875301
2.143163
0.2606895
1.341125
1.532528
1.855993
1.769295
1.859285
0.5837383
5.303985
0.8510373
4.415763
3.152512
3.013581
0.5477666
0.2050855
0.8685188
0.2621546
3.471809
5.79814
6.548696
3.159311
1.987069
1.917049
1.306805
2.787376
2.479822
0.4603042
1.134952
0.9614487
1.35179
0.8053777
1.811558
5.403882
3.366069
0.09160555
2.368633
3.245583
2.469899
1.751611
0.6655868
2.442381
0.102284
0.9936742
4.540427
0.08482263
1.781265
0.7141803
0.5115593
2.115173
1.204816
2.032721
1.179498
3.034072
0.8712201
0.7491803
5.157719
2.331961
1.170673
0.5776109
1.795806
2.294361
1.96779
1.349347
1.736617
0.07771575
7.053076
1.995251
2.989924
0.3251584
0.4085683
0.6071362
2.052002
0.2322277
0.7136122
8.62669
2.227444
2.049844
4.896764
0.4741696
0.7030253
3.078053
1.705512
0.2106702
0.3344141
0.6992879
3.456954
5.890393
3.476242
1.385526
0.4064964
0.311594
1.428714
1.424811
0.0362875
1.373666
0.3125241
2.538359
1.573736
0.4515029
0.8588167
0.1713842
0.02510408
2.710768
1.245944
7.724524
3.093811
0.4508695
0.8032121
2.391038
0.6183011
0.2464183
1.197962
1.338084
0.8804095
0.1118179
0.5650945
2.204547
0.1434866
13.23458
6.033004
0.574615
2.117502
2.243109
0.002699699
1.098372
1.658933
0.6756843
2.736261
2.296763
1.169670
0.2072972
0.05484366
5.305524
1.715587
2.595515
6.493749
4.796874
1.564690
1.609154
0.381011
4.635597
0.7471945
0.3437714
2.198342
3.010321
1.320107
1.089768
2.156385
3.491513
5.676422
1.129216
2.500688
1.584773
4.906753
3.395326
2.122132
1.744312
3.196814
4.740448
2.500074
1.995692
3.344045
6.895845
0.08050953
0.6321068
4.118965
0.6998846
0.7643184
5.997175
3.727977
0.2879026
1.511776
5.466261
3.034804
0.494041
1.667366
3.449946
0.8809324
1.145428
0.6055561
0.9609488
1.473528
0.9910413
1.455567
0.2128856
3.354344
2.288791
3.240444
1.585636
0.1634465
0.3748369
2.238471
1.530724
1.423945
2.695116
0.1258413
